32192676, -1, 371
32192676, 0, 12, 371, 0.032345
32192676, 1, 11, 371, 0.0296496
32192676, 2, 4, 371, 0.0107817
32192676, 3, 53, 371, 0.142857
32192676, 4, 77, 371, 0.207547
32192676, 5, 0, 371, 0
32192676, 6, 246, 371, 0.663073
32192676, 7, 5, 1850, 0.0027027
32192676, 8, 4, 370, 0.0108108
32192676, 9, 0, 0, 0
32192676, 10, 2, 371, 0.00539084
32192676, 11, 15, 371, 0.0404313
32192676, 12, 29, 371, 0.0781671
32192676, 13, 50, 371, 0.134771
32192676, 14, 0, 371, 0
32192676, 15, 94, 371, 0.253369
32192676, 16, 28, 371, 0.0754717
32193680, -1, 371
32193680, 0, 9, 371, 0.0242588
32193680, 1, 13, 371, 0.0350404
32193680, 2, 4, 371, 0.0107817
32193680, 3, 54, 371, 0.145553
32193680, 4, 69, 371, 0.185984
32193680, 5, 1, 371, 0.00269542
32193680, 6, 244, 371, 0.657682
32193680, 7, 9, 1855, 0.00485175
32193680, 8, 4, 371, 0.0107817
32193680, 9, 0, 0, 0
32193680, 10, 1, 371, 0.00269542
32193680, 11, 24, 371, 0.06469
32193680, 12, 27, 371, 0.0727763
32193680, 13, 36, 371, 0.097035
32193680, 14, 0, 371, 0
32193680, 15, 98, 371, 0.264151
32193680, 16, 29, 371, 0.0781671
32194681, -1, 367
32194681, 0, 7, 367, 0.0190736
32194681, 1, 14, 367, 0.0381471
32194681, 2, 1, 367, 0.0027248
32194681, 3, 61, 367, 0.166213
32194681, 4, 76, 367, 0.207084
32194681, 5, 0, 367, 0
32194681, 6, 249, 367, 0.678474
32194681, 7, 13, 1835, 0.00708447
32194681, 8, 2, 367, 0.00544959
32194681, 9, 0, 0, 0
32194681, 10, 0, 367, 0
32194681, 11, 13, 367, 0.0354223
32194681, 12, 25, 367, 0.0681199
32194681, 13, 42, 367, 0.114441
32194681, 14, 0, 367, 0
32194681, 15, 110, 367, 0.299728
32194681, 16, 27, 367, 0.0735695
32195682, -1, 361
32195682, 0, 7, 361, 0.0193906
32195682, 1, 17, 361, 0.0470914
32195682, 2, 7, 361, 0.0193906
32195682, 3, 57, 361, 0.157895
32195682, 4, 79, 361, 0.218837
32195682, 5, 0, 361, 0
32195682, 6, 243, 361, 0.67313
32195682, 7, 12, 1805, 0.0066482
32195682, 8, 3, 361, 0.00831025
32195682, 9, 0, 0, 0
32195682, 10, 0, 361, 0
32195682, 11, 19, 361, 0.0526316
32195682, 12, 28, 361, 0.0775623
32195682, 13, 44, 361, 0.121884
32195682, 14, 0, 361, 0
32195682, 15, 89, 361, 0.246537
32195682, 16, 36, 361, 0.099723
32196696, -1, 93
32196696, 0, 2, 93, 0.0215054
32196696, 1, 74993, 93, 806.376
32196696, 2, 2, 93, 0.0215054
32196696, 3, 34700, 93, 373.118
32196696, 4, 84, 93, 0.903226
32196696, 5, 0, 93, 0
32196696, 6, 57, 93, 0.612903
32196696, 7, 0, 509, 0
32196696, 8, 0, 93, 0
32196696, 9, 0, 0, 0
32196696, 10, 1, 93, 0.0107527
32196696, 11, 2, 93, 0.0215054
32196696, 12, 7, 93, 0.0752688
32196696, 13, 8, 93, 0.0860215
32196696, 14, 0, 93, 0
32196696, 15, 21, 93, 0.225806
32196696, 16, 12, 93, 0.129032
32197696, -1, 50
32197696, 0, 2, 50, 0.04
32197696, 1, 4, 50, 0.08
32197696, 2, 4, 50, 0.08
32197696, 3, 23, 50, 0.46
32197696, 4, 85, 50, 1.7
32197696, 5, 0, 50, 0
32197696, 6, 36, 50, 0.72
32197696, 7, 2, 300, 0.00666667
32197696, 8, 0, 50, 0
32197696, 9, 0, 0, 0
32197696, 10, 0, 50, 0
32197696, 11, 1, 50, 0.02
32197696, 12, 3, 50, 0.06
32197696, 13, 9, 50, 0.18
32197696, 14, 0, 50, 0
32197696, 15, 4, 50, 0.08
32197696, 16, 14, 50, 0.28
32198696, -1, 50
32198696, 0, 1, 50, 0.02
32198696, 1, 0, 50, 0
32198696, 2, 1, 50, 0.02
32198696, 3, 23, 50, 0.46
32198696, 4, 80, 50, 1.6
32198696, 5, 0, 50, 0
32198696, 6, 31, 50, 0.62
32198696, 7, 1, 300, 0.00333333
32198696, 8, 1, 50, 0.02
32198696, 9, 0, 0, 0
32198696, 10, 0, 50, 0
32198696, 11, 1, 50, 0.02
32198696, 12, 4, 50, 0.08
32198696, 13, 7, 50, 0.14
32198696, 14, 0, 50, 0
32198696, 15, 6, 50, 0.12
32198696, 16, 11, 50, 0.22
32199696, -1, 50
32199696, 0, 6, 50, 0.12
32199696, 1, 0, 50, 0
32199696, 2, 3, 50, 0.06
32199696, 3, 27, 50, 0.54
32199696, 4, 73, 50, 1.46
32199696, 5, 0, 50, 0
32199696, 6, 37, 50, 0.74
32199696, 7, 1, 300, 0.00333333
32199696, 8, 1, 50, 0.02
32199696, 9, 0, 0, 0
32199696, 10, 0, 50, 0
32199696, 11, 3, 50, 0.06
32199696, 12, 5, 50, 0.1
32199696, 13, 3, 50, 0.06
32199696, 14, 0, 50, 0
32199696, 15, 12, 50, 0.24
32199696, 16, 9, 50, 0.18
32200696, -1, 50
32200696, 0, 2, 50, 0.04
32200696, 1, 2, 50, 0.04
32200696, 2, 1, 50, 0.02
32200696, 3, 27, 50, 0.54
32200696, 4, 87, 50, 1.74
32200696, 5, 0, 50, 0
32200696, 6, 42, 50, 0.84
32200696, 7, 1, 300, 0.00333333
32200696, 8, 1, 50, 0.02
32200696, 9, 0, 0, 0
32200696, 10, 0, 50, 0
32200696, 11, 4, 50, 0.08
32200696, 12, 4, 50, 0.08
32200696, 13, 12, 50, 0.24
32200696, 14, 0, 50, 0
32200696, 15, 6, 50, 0.12
32200696, 16, 11, 50, 0.22
32201696, -1, 50
32201696, 0, 0, 50, 0
32201696, 1, 0, 50, 0
32201696, 2, 4, 50, 0.08
32201696, 3, 31, 50, 0.62
32201696, 4, 78, 50, 1.56
32201696, 5, 0, 50, 0
32201696, 6, 40, 50, 0.8
32201696, 7, 3, 300, 0.01
32201696, 8, 1, 50, 0.02
32201696, 9, 0, 0, 0
32201696, 10, 0, 50, 0
32201696, 11, 0, 50, 0
32201696, 12, 2, 50, 0.04
32201696, 13, 5, 50, 0.1
32201696, 14, 0, 50, 0
32201696, 15, 14, 50, 0.28
32201696, 16, 14, 50, 0.28
32202696, -1, 50
32202696, 0, 0, 50, 0
32202696, 1, 2, 50, 0.04
32202696, 2, 0, 50, 0
32202696, 3, 37, 50, 0.74
32202696, 4, 79, 50, 1.58
32202696, 5, 0, 50, 0
32202696, 6, 35, 50, 0.7
32202696, 7, 0, 300, 0
32202696, 8, 0, 50, 0
32202696, 9, 0, 0, 0
32202696, 10, 0, 50, 0
32202696, 11, 2, 50, 0.04
32202696, 12, 9, 50, 0.18
32202696, 13, 6, 50, 0.12
32202696, 14, 0, 50, 0
32202696, 15, 9, 50, 0.18
32202696, 16, 8, 50, 0.16
32203696, -1, 50
32203696, 0, 3, 50, 0.06
32203696, 1, 2, 50, 0.04
32203696, 2, 3, 50, 0.06
32203696, 3, 31, 50, 0.62
32203696, 4, 72, 50, 1.44
32203696, 5, 0, 50, 0
32203696, 6, 37, 50, 0.74
32203696, 7, 0, 300, 0
32203696, 8, 2, 50, 0.04
32203696, 9, 0, 0, 0
32203696, 10, 0, 50, 0
32203696, 11, 3, 50, 0.06
32203696, 12, 1, 50, 0.02
32203696, 13, 4, 50, 0.08
32203696, 14, 0, 50, 0
32203696, 15, 11, 50, 0.22
32203696, 16, 11, 50, 0.22
32204696, -1, 50
32204696, 0, 0, 50, 0
32204696, 1, 2, 50, 0.04
32204696, 2, 1, 50, 0.02
32204696, 3, 27, 50, 0.54
32204696, 4, 80, 50, 1.6
32204696, 5, 0, 50, 0
32204696, 6, 34, 50, 0.68
32204696, 7, 2, 300, 0.00666667
32204696, 8, 0, 50, 0
32204696, 9, 0, 0, 0
32204696, 10, 0, 50, 0
32204696, 11, 3, 50, 0.06
32204696, 12, 1, 50, 0.02
32204696, 13, 3, 50, 0.06
32204696, 14, 0, 50, 0
32204696, 15, 10, 50, 0.2
32204696, 16, 13, 50, 0.26
32205696, -1, 50
32205696, 0, 1, 50, 0.02
32205696, 1, 1, 50, 0.02
32205696, 2, 3, 50, 0.06
32205696, 3, 39, 50, 0.78
32205696, 4, 77, 50, 1.54
32205696, 5, 0, 50, 0
32205696, 6, 36, 50, 0.72
32205696, 7, 2, 300, 0.00666667
32205696, 8, 0, 50, 0
32205696, 9, 0, 0, 0
32205696, 10, 0, 50, 0
32205696, 11, 4, 50, 0.08
32205696, 12, 3, 50, 0.06
32205696, 13, 6, 50, 0.12
32205696, 14, 0, 50, 0
32205696, 15, 7, 50, 0.14
32205696, 16, 12, 50, 0.24
32206696, -1, 50
32206696, 0, 2, 50, 0.04
32206696, 1, 4, 50, 0.08
32206696, 2, 0, 50, 0
32206696, 3, 33, 50, 0.66
32206696, 4, 79, 50, 1.58
32206696, 5, 0, 50, 0
32206696, 6, 35, 50, 0.7
32206696, 7, 1, 300, 0.00333333
32206696, 8, 1, 50, 0.02
32206696, 9, 0, 0, 0
32206696, 10, 0, 50, 0
32206696, 11, 2, 50, 0.04
32206696, 12, 1, 50, 0.02
32206696, 13, 5, 50, 0.1
32206696, 14, 0, 50, 0
32206696, 15, 11, 50, 0.22
32206696, 16, 12, 50, 0.24
32207696, -1, 50
32207696, 0, 0, 50, 0
32207696, 1, 0, 50, 0
32207696, 2, 3, 50, 0.06
32207696, 3, 39, 50, 0.78
32207696, 4, 73, 50, 1.46
32207696, 5, 0, 50, 0
32207696, 6, 39, 50, 0.78
32207696, 7, 1, 300, 0.00333333
32207696, 8, 2, 50, 0.04
32207696, 9, 0, 0, 0
32207696, 10, 0, 50, 0
32207696, 11, 3, 50, 0.06
32207696, 12, 5, 50, 0.1
32207696, 13, 7, 50, 0.14
32207696, 14, 0, 50, 0
32207696, 15, 12, 50, 0.24
32207696, 16, 6, 50, 0.12
32208696, -1, 50
32208696, 0, 1, 50, 0.02
32208696, 1, 2, 50, 0.04
32208696, 2, 1, 50, 0.02
32208696, 3, 34, 50, 0.68
32208696, 4, 73, 50, 1.46
32208696, 5, 0, 50, 0
32208696, 6, 34, 50, 0.68
32208696, 7, 1, 300, 0.00333333
32208696, 8, 1, 50, 0.02
32208696, 9, 0, 0, 0
32208696, 10, 0, 50, 0
32208696, 11, 0, 50, 0
32208696, 12, 2, 50, 0.04
32208696, 13, 5, 50, 0.1
32208696, 14, 1, 50, 0.02
32208696, 15, 7, 50, 0.14
32208696, 16, 13, 50, 0.26
32209696, -1, 50
32209696, 0, 1, 50, 0.02
32209696, 1, 1, 50, 0.02
32209696, 2, 4, 50, 0.08
32209696, 3, 25, 50, 0.5
32209696, 4, 76, 50, 1.52
32209696, 5, 0, 50, 0
32209696, 6, 31, 50, 0.62
32209696, 7, 1, 300, 0.00333333
32209696, 8, 1, 50, 0.02
32209696, 9, 0, 0, 0
32209696, 10, 0, 50, 0
32209696, 11, 4, 50, 0.08
32209696, 12, 4, 50, 0.08
32209696, 13, 4, 50, 0.08
32209696, 14, 0, 50, 0
32209696, 15, 8, 50, 0.16
32209696, 16, 9, 50, 0.18
32210696, -1, 50
32210696, 0, 0, 50, 0
32210696, 1, 2, 50, 0.04
32210696, 2, 0, 50, 0
32210696, 3, 22, 50, 0.44
32210696, 4, 78, 50, 1.56
32210696, 5, 0, 50, 0
32210696, 6, 31, 50, 0.62
32210696, 7, 2, 300, 0.00666667
32210696, 8, 0, 50, 0
32210696, 9, 0, 0, 0
32210696, 10, 0, 50, 0
32210696, 11, 1, 50, 0.02
32210696, 12, 2, 50, 0.04
32210696, 13, 3, 50, 0.06
32210696, 14, 0, 50, 0
32210696, 15, 8, 50, 0.16
32210696, 16, 13, 50, 0.26
32211696, -1, 50
32211696, 0, 1, 50, 0.02
32211696, 1, 1, 50, 0.02
32211696, 2, 4, 50, 0.08
32211696, 3, 31, 50, 0.62
32211696, 4, 83, 50, 1.66
32211696, 5, 0, 50, 0
32211696, 6, 28, 50, 0.56
32211696, 7, 0, 300, 0
32211696, 8, 0, 50, 0
32211696, 9, 0, 0, 0
32211696, 10, 0, 50, 0
32211696, 11, 0, 50, 0
32211696, 12, 3, 50, 0.06
32211696, 13, 6, 50, 0.12
32211696, 14, 0, 50, 0
32211696, 15, 9, 50, 0.18
32211696, 16, 6, 50, 0.12
32212696, -1, 50
32212696, 0, 0, 50, 0
32212696, 1, 1, 50, 0.02
32212696, 2, 0, 50, 0
32212696, 3, 25, 50, 0.5
32212696, 4, 80, 50, 1.6
32212696, 5, 0, 50, 0
32212696, 6, 34, 50, 0.68
32212696, 7, 0, 300, 0
32212696, 8, 0, 50, 0
32212696, 9, 0, 0, 0
32212696, 10, 0, 50, 0
32212696, 11, 3, 50, 0.06
32212696, 12, 3, 50, 0.06
32212696, 13, 4, 50, 0.08
32212696, 14, 0, 50, 0
32212696, 15, 5, 50, 0.1
32212696, 16, 13, 50, 0.26
32213696, -1, 50
32213696, 0, 0, 50, 0
32213696, 1, 2, 50, 0.04
32213696, 2, 3, 50, 0.06
32213696, 3, 25, 50, 0.5
32213696, 4, 83, 50, 1.66
32213696, 5, 0, 50, 0
32213696, 6, 23, 50, 0.46
32213696, 7, 0, 300, 0
32213696, 8, 0, 50, 0
32213696, 9, 0, 0, 0
32213696, 10, 0, 50, 0
32213696, 11, 2, 50, 0.04
32213696, 12, 0, 50, 0
32213696, 13, 8, 50, 0.16
32213696, 14, 0, 50, 0
32213696, 15, 9, 50, 0.18
32213696, 16, 4, 50, 0.08
32214696, -1, 50
32214696, 0, 1, 50, 0.02
32214696, 1, 1, 50, 0.02
32214696, 2, 2, 50, 0.04
32214696, 3, 28, 50, 0.56
32214696, 4, 70, 50, 1.4
32214696, 5, 0, 50, 0
32214696, 6, 37, 50, 0.74
32214696, 7, 0, 300, 0
32214696, 8, 0, 50, 0
32214696, 9, 0, 0, 0
32214696, 10, 0, 50, 0
32214696, 11, 1, 50, 0.02
32214696, 12, 2, 50, 0.04
32214696, 13, 5, 50, 0.1
32214696, 14, 0, 50, 0
32214696, 15, 17, 50, 0.34
32214696, 16, 10, 50, 0.2
32215696, -1, 50
32215696, 0, 2, 50, 0.04
32215696, 1, 2, 50, 0.04
32215696, 2, 4, 50, 0.08
32215696, 3, 27, 50, 0.54
32215696, 4, 78, 50, 1.56
32215696, 5, 0, 50, 0
32215696, 6, 32, 50, 0.64
32215696, 7, 1, 300, 0.00333333
32215696, 8, 0, 50, 0
32215696, 9, 0, 0, 0
32215696, 10, 0, 50, 0
32215696, 11, 3, 50, 0.06
32215696, 12, 0, 50, 0
32215696, 13, 7, 50, 0.14
32215696, 14, 0, 50, 0
32215696, 15, 13, 50, 0.26
32215696, 16, 7, 50, 0.14
32216696, -1, 50
32216696, 0, 1, 50, 0.02
32216696, 1, 3, 50, 0.06
32216696, 2, 0, 50, 0
32216696, 3, 26, 50, 0.52
32216696, 4, 76, 50, 1.52
32216696, 5, 0, 50, 0
32216696, 6, 35, 50, 0.7
32216696, 7, 2, 300, 0.00666667
32216696, 8, 1, 50, 0.02
32216696, 9, 0, 0, 0
32216696, 10, 0, 50, 0
32216696, 11, 0, 50, 0
32216696, 12, 4, 50, 0.08
32216696, 13, 8, 50, 0.16
32216696, 14, 0, 50, 0
32216696, 15, 8, 50, 0.16
32216696, 16, 7, 50, 0.14
32217696, -1, 50
32217696, 0, 2, 50, 0.04
32217696, 1, 0, 50, 0
32217696, 2, 3, 50, 0.06
32217696, 3, 30, 50, 0.6
32217696, 4, 76, 50, 1.52
32217696, 5, 0, 50, 0
32217696, 6, 33, 50, 0.66
32217696, 7, 1, 300, 0.00333333
32217696, 8, 0, 50, 0
32217696, 9, 0, 0, 0
32217696, 10, 0, 50, 0
32217696, 11, 1, 50, 0.02
32217696, 12, 4, 50, 0.08
32217696, 13, 6, 50, 0.12
32217696, 14, 0, 50, 0
32217696, 15, 10, 50, 0.2
32217696, 16, 10, 50, 0.2
32218696, -1, 50
32218696, 0, 2, 50, 0.04
32218696, 1, 2, 50, 0.04
32218696, 2, 0, 50, 0
32218696, 3, 28, 50, 0.56
32218696, 4, 80, 50, 1.6
32218696, 5, 0, 50, 0
32218696, 6, 29, 50, 0.58
32218696, 7, 2, 300, 0.00666667
32218696, 8, 2, 50, 0.04
32218696, 9, 0, 0, 0
32218696, 10, 0, 50, 0
32218696, 11, 0, 50, 0
32218696, 12, 2, 50, 0.04
32218696, 13, 6, 50, 0.12
32218696, 14, 0, 50, 0
32218696, 15, 9, 50, 0.18
32218696, 16, 6, 50, 0.12
32219696, -1, 50
32219696, 0, 2, 50, 0.04
32219696, 1, 0, 50, 0
32219696, 2, 3, 50, 0.06
32219696, 3, 31, 50, 0.62
32219696, 4, 74, 50, 1.48
32219696, 5, 0, 50, 0
32219696, 6, 36, 50, 0.72
32219696, 7, 0, 300, 0
32219696, 8, 0, 50, 0
32219696, 9, 0, 0, 0
32219696, 10, 0, 50, 0
32219696, 11, 2, 50, 0.04
32219696, 12, 5, 50, 0.1
32219696, 13, 8, 50, 0.16
32219696, 14, 0, 50, 0
32219696, 15, 10, 50, 0.2
32219696, 16, 9, 50, 0.18
32220696, -1, 50
32220696, 0, 1, 50, 0.02
32220696, 1, 2, 50, 0.04
32220696, 2, 0, 50, 0
32220696, 3, 30, 50, 0.6
32220696, 4, 74, 50, 1.48
32220696, 5, 0, 50, 0
32220696, 6, 38, 50, 0.76
32220696, 7, 1, 300, 0.00333333
32220696, 8, 1, 50, 0.02
32220696, 9, 0, 0, 0
32220696, 10, 0, 50, 0
32220696, 11, 4, 50, 0.08
32220696, 12, 0, 50, 0
32220696, 13, 6, 50, 0.12
32220696, 14, 0, 50, 0
32220696, 15, 15, 50, 0.3
32220696, 16, 9, 50, 0.18
32221696, -1, 50
32221696, 0, 3, 50, 0.06
32221696, 1, 1, 50, 0.02
32221696, 2, 3, 50, 0.06
32221696, 3, 21, 50, 0.42
32221696, 4, 82, 50, 1.64
32221696, 5, 0, 50, 0
32221696, 6, 30, 50, 0.6
32221696, 7, 1, 300, 0.00333333
32221696, 8, 0, 50, 0
32221696, 9, 0, 0, 0
32221696, 10, 0, 50, 0
32221696, 11, 0, 50, 0
32221696, 12, 1, 50, 0.02
32221696, 13, 3, 50, 0.06
32221696, 14, 0, 50, 0
32221696, 15, 12, 50, 0.24
32221696, 16, 12, 50, 0.24
32222696, -1, 50
32222696, 0, 1, 50, 0.02
32222696, 1, 1, 50, 0.02
32222696, 2, 0, 50, 0
32222696, 3, 36, 50, 0.72
32222696, 4, 77, 50, 1.54
32222696, 5, 0, 50, 0
32222696, 6, 34, 50, 0.68
32222696, 7, 2, 300, 0.00666667
32222696, 8, 1, 50, 0.02
32222696, 9, 0, 0, 0
32222696, 10, 0, 50, 0
32222696, 11, 1, 50, 0.02
32222696, 12, 2, 50, 0.04
32222696, 13, 5, 50, 0.1
32222696, 14, 0, 50, 0
32222696, 15, 11, 50, 0.22
32222696, 16, 9, 50, 0.18
32223696, -1, 50
32223696, 0, 0, 50, 0
32223696, 1, 4, 50, 0.08
32223696, 2, 3, 50, 0.06
32223696, 3, 25, 50, 0.5
32223696, 4, 78, 50, 1.56
32223696, 5, 0, 50, 0
32223696, 6, 37, 50, 0.74
32223696, 7, 0, 300, 0
32223696, 8, 1, 50, 0.02
32223696, 9, 0, 0, 0
32223696, 10, 0, 50, 0
32223696, 11, 1, 50, 0.02
32223696, 12, 4, 50, 0.08
32223696, 13, 6, 50, 0.12
32223696, 14, 0, 50, 0
32223696, 15, 13, 50, 0.26
32223696, 16, 8, 50, 0.16
32224696, -1, 50
32224696, 0, 1, 50, 0.02
32224696, 1, 0, 50, 0
32224696, 2, 1, 50, 0.02
32224696, 3, 32, 50, 0.64
32224696, 4, 75, 50, 1.5
32224696, 5, 1, 50, 0.02
32224696, 6, 34, 50, 0.68
32224696, 7, 0, 300, 0
32224696, 8, 0, 50, 0
32224696, 9, 0, 0, 0
32224696, 10, 0, 50, 0
32224696, 11, 3, 50, 0.06
32224696, 12, 6, 50, 0.12
32224696, 13, 8, 50, 0.16
32224696, 14, 0, 50, 0
32224696, 15, 8, 50, 0.16
32224696, 16, 9, 50, 0.18
32225696, -1, 50
32225696, 0, 0, 50, 0
32225696, 1, 2, 50, 0.04
32225696, 2, 3, 50, 0.06
32225696, 3, 34, 50, 0.68
32225696, 4, 72, 50, 1.44
32225696, 5, 0, 50, 0
32225696, 6, 41, 50, 0.82
32225696, 7, 2, 300, 0.00666667
32225696, 8, 0, 50, 0
32225696, 9, 0, 0, 0
32225696, 10, 0, 50, 0
32225696, 11, 4, 50, 0.08
32225696, 12, 3, 50, 0.06
32225696, 13, 10, 50, 0.2
32225696, 14, 0, 50, 0
32225696, 15, 12, 50, 0.24
32225696, 16, 10, 50, 0.2
32226696, -1, 50
32226696, 0, 0, 50, 0
32226696, 1, 0, 50, 0
32226696, 2, 0, 50, 0
32226696, 3, 34, 50, 0.68
32226696, 4, 75, 50, 1.5
32226696, 5, 0, 50, 0
32226696, 6, 39, 50, 0.78
32226696, 7, 1, 300, 0.00333333
32226696, 8, 0, 50, 0
32226696, 9, 0, 0, 0
32226696, 10, 0, 50, 0
32226696, 11, 4, 50, 0.08
32226696, 12, 2, 50, 0.04
32226696, 13, 6, 50, 0.12
32226696, 14, 0, 50, 0
32226696, 15, 12, 50, 0.24
32226696, 16, 12, 50, 0.24
32227696, -1, 50
32227696, 0, 1, 50, 0.02
32227696, 1, 1, 50, 0.02
32227696, 2, 3, 50, 0.06
32227696, 3, 28, 50, 0.56
32227696, 4, 76, 50, 1.52
32227696, 5, 0, 50, 0
32227696, 6, 33, 50, 0.66
32227696, 7, 0, 300, 0
32227696, 8, 1, 50, 0.02
32227696, 9, 0, 0, 0
32227696, 10, 0, 50, 0
32227696, 11, 2, 50, 0.04
32227696, 12, 0, 50, 0
32227696, 13, 5, 50, 0.1
32227696, 14, 0, 50, 0
32227696, 15, 14, 50, 0.28
32227696, 16, 10, 50, 0.2
32228696, -1, 50
32228696, 0, 2, 50, 0.04
32228696, 1, 2, 50, 0.04
32228696, 2, 1, 50, 0.02
32228696, 3, 24, 50, 0.48
32228696, 4, 80, 50, 1.6
32228696, 5, 0, 50, 0
32228696, 6, 34, 50, 0.68
32228696, 7, 1, 300, 0.00333333
32228696, 8, 0, 50, 0
32228696, 9, 0, 0, 0
32228696, 10, 0, 50, 0
32228696, 11, 1, 50, 0.02
32228696, 12, 3, 50, 0.06
32228696, 13, 2, 50, 0.04
32228696, 14, 0, 50, 0
32228696, 15, 13, 50, 0.26
32228696, 16, 9, 50, 0.18
32229696, -1, 50
32229696, 0, 1, 50, 0.02
32229696, 1, 1, 50, 0.02
32229696, 2, 3, 50, 0.06
32229696, 3, 36, 50, 0.72
32229696, 4, 69, 50, 1.38
32229696, 5, 0, 50, 0
32229696, 6, 38, 50, 0.76
32229696, 7, 2, 300, 0.00666667
32229696, 8, 1, 50, 0.02
32229696, 9, 0, 0, 0
32229696, 10, 0, 50, 0
32229696, 11, 2, 50, 0.04
32229696, 12, 1, 50, 0.02
32229696, 13, 8, 50, 0.16
32229696, 14, 0, 50, 0
32229696, 15, 12, 50, 0.24
32229696, 16, 10, 50, 0.2
32230696, -1, 50
32230696, 0, 0, 50, 0
32230696, 1, 3, 50, 0.06
32230696, 2, 0, 50, 0
32230696, 3, 25, 50, 0.5
32230696, 4, 76, 50, 1.52
32230696, 5, 0, 50, 0
32230696, 6, 37, 50, 0.74
32230696, 7, 0, 300, 0
32230696, 8, 0, 50, 0
32230696, 9, 0, 0, 0
32230696, 10, 0, 50, 0
32230696, 11, 0, 50, 0
32230696, 12, 7, 50, 0.14
32230696, 13, 9, 50, 0.18
32230696, 14, 0, 50, 0
32230696, 15, 6, 50, 0.12
32230696, 16, 14, 50, 0.28
32231696, -1, 50
32231696, 0, 2, 50, 0.04
32231696, 1, 2, 50, 0.04
32231696, 2, 3, 50, 0.06
32231696, 3, 33, 50, 0.66
32231696, 4, 69, 50, 1.38
32231696, 5, 0, 50, 0
32231696, 6, 33, 50, 0.66
32231696, 7, 4, 300, 0.0133333
32231696, 8, 0, 50, 0
32231696, 9, 0, 0, 0
32231696, 10, 0, 50, 0
32231696, 11, 1, 50, 0.02
32231696, 12, 4, 50, 0.08
32231696, 13, 7, 50, 0.14
32231696, 14, 0, 50, 0
32231696, 15, 10, 50, 0.2
32231696, 16, 5, 50, 0.1
32232696, -1, 50
32232696, 0, 0, 50, 0
32232696, 1, 2, 50, 0.04
32232696, 2, 1, 50, 0.02
32232696, 3, 25, 50, 0.5
32232696, 4, 81, 50, 1.62
32232696, 5, 0, 50, 0
32232696, 6, 31, 50, 0.62
32232696, 7, 1, 300, 0.00333333
32232696, 8, 0, 50, 0
32232696, 9, 0, 0, 0
32232696, 10, 0, 50, 0
32232696, 11, 1, 50, 0.02
32232696, 12, 5, 50, 0.1
32232696, 13, 5, 50, 0.1
32232696, 14, 0, 50, 0
32232696, 15, 7, 50, 0.14
32232696, 16, 12, 50, 0.24
32233696, -1, 50
32233696, 0, 1, 50, 0.02
32233696, 1, 0, 50, 0
32233696, 2, 3, 50, 0.06
32233696, 3, 25, 50, 0.5
32233696, 4, 83, 50, 1.66
32233696, 5, 0, 50, 0
32233696, 6, 25, 50, 0.5
32233696, 7, 0, 300, 0
32233696, 8, 2, 50, 0.04
32233696, 9, 0, 0, 0
32233696, 10, 0, 50, 0
32233696, 11, 0, 50, 0
32233696, 12, 0, 50, 0
32233696, 13, 8, 50, 0.16
32233696, 14, 0, 50, 0
32233696, 15, 5, 50, 0.1
32233696, 16, 10, 50, 0.2
32234696, -1, 50
32234696, 0, 2, 50, 0.04
32234696, 1, 2, 50, 0.04
32234696, 2, 1, 50, 0.02
32234696, 3, 24, 50, 0.48
32234696, 4, 75, 50, 1.5
32234696, 5, 0, 50, 0
32234696, 6, 35, 50, 0.7
32234696, 7, 3, 300, 0.01
32234696, 8, 2, 50, 0.04
32234696, 9, 0, 0, 0
32234696, 10, 0, 50, 0
32234696, 11, 1, 50, 0.02
32234696, 12, 5, 50, 0.1
32234696, 13, 4, 50, 0.08
32234696, 14, 0, 50, 0
32234696, 15, 11, 50, 0.22
32234696, 16, 8, 50, 0.16
32235696, -1, 50
32235696, 0, 2, 50, 0.04
32235696, 1, 1, 50, 0.02
32235696, 2, 3, 50, 0.06
32235696, 3, 38, 50, 0.76
32235696, 4, 82, 50, 1.64
32235696, 5, 0, 50, 0
32235696, 6, 39, 50, 0.78
32235696, 7, 0, 300, 0
32235696, 8, 0, 50, 0
32235696, 9, 0, 0, 0
32235696, 10, 0, 50, 0
32235696, 11, 3, 50, 0.06
32235696, 12, 3, 50, 0.06
32235696, 13, 3, 50, 0.06
32235696, 14, 0, 50, 0
32235696, 15, 13, 50, 0.26
32235696, 16, 12, 50, 0.24
32236696, -1, 50
32236696, 0, 2, 50, 0.04
32236696, 1, 1, 50, 0.02
32236696, 2, 0, 50, 0
32236696, 3, 25, 50, 0.5
32236696, 4, 83, 50, 1.66
32236696, 5, 0, 50, 0
32236696, 6, 33, 50, 0.66
32236696, 7, 3, 300, 0.01
32236696, 8, 0, 50, 0
32236696, 9, 0, 0, 0
32236696, 10, 0, 50, 0
32236696, 11, 0, 50, 0
32236696, 12, 5, 50, 0.1
32236696, 13, 5, 50, 0.1
32236696, 14, 0, 50, 0
32236696, 15, 8, 50, 0.16
32236696, 16, 10, 50, 0.2
32237696, -1, 50
32237696, 0, 2, 50, 0.04
32237696, 1, 2, 50, 0.04
32237696, 2, 4, 50, 0.08
32237696, 3, 20, 50, 0.4
32237696, 4, 79, 50, 1.58
32237696, 5, 0, 50, 0
32237696, 6, 32, 50, 0.64
32237696, 7, 1, 300, 0.00333333
32237696, 8, 0, 50, 0
32237696, 9, 0, 0, 0
32237696, 10, 0, 50, 0
32237696, 11, 0, 50, 0
32237696, 12, 2, 50, 0.04
32237696, 13, 10, 50, 0.2
32237696, 14, 0, 50, 0
32237696, 15, 10, 50, 0.2
32237696, 16, 7, 50, 0.14
32238696, -1, 50
32238696, 0, 0, 50, 0
32238696, 1, 0, 50, 0
32238696, 2, 1, 50, 0.02
32238696, 3, 25, 50, 0.5
32238696, 4, 81, 50, 1.62
32238696, 5, 0, 50, 0
32238696, 6, 28, 50, 0.56
32238696, 7, 1, 300, 0.00333333
32238696, 8, 1, 50, 0.02
32238696, 9, 0, 0, 0
32238696, 10, 0, 50, 0
32238696, 11, 1, 50, 0.02
32238696, 12, 0, 50, 0
32238696, 13, 10, 50, 0.2
32238696, 14, 0, 50, 0
32238696, 15, 5, 50, 0.1
32238696, 16, 10, 50, 0.2
32239696, -1, 50
32239696, 0, 3, 50, 0.06
32239696, 1, 3, 50, 0.06
32239696, 2, 4, 50, 0.08
32239696, 3, 27, 50, 0.54
32239696, 4, 72, 50, 1.44
32239696, 5, 0, 50, 0
32239696, 6, 40, 50, 0.8
32239696, 7, 2, 300, 0.00666667
32239696, 8, 0, 50, 0
32239696, 9, 0, 0, 0
32239696, 10, 0, 50, 0
32239696, 11, 1, 50, 0.02
32239696, 12, 6, 50, 0.12
32239696, 13, 7, 50, 0.14
32239696, 14, 0, 50, 0
32239696, 15, 10, 50, 0.2
32239696, 16, 13, 50, 0.26
32240696, -1, 50
32240696, 0, 2, 50, 0.04
32240696, 1, 0, 50, 0
32240696, 2, 0, 50, 0
32240696, 3, 19, 50, 0.38
32240696, 4, 81, 50, 1.62
32240696, 5, 0, 50, 0
32240696, 6, 29, 50, 0.58
32240696, 7, 1, 300, 0.00333333
32240696, 8, 0, 50, 0
32240696, 9, 0, 0, 0
32240696, 10, 0, 50, 0
32240696, 11, 1, 50, 0.02
32240696, 12, 3, 50, 0.06
32240696, 13, 7, 50, 0.14
32240696, 14, 0, 50, 0
32240696, 15, 9, 50, 0.18
32240696, 16, 5, 50, 0.1
32241696, -1, 50
32241696, 0, 1, 50, 0.02
32241696, 1, 2, 50, 0.04
32241696, 2, 4, 50, 0.08
32241696, 3, 28, 50, 0.56
32241696, 4, 75, 50, 1.5
32241696, 5, 0, 50, 0
32241696, 6, 35, 50, 0.7
32241696, 7, 1, 300, 0.00333333
32241696, 8, 2, 50, 0.04
32241696, 9, 0, 0, 0
32241696, 10, 0, 50, 0
32241696, 11, 1, 50, 0.02
32241696, 12, 2, 50, 0.04
32241696, 13, 4, 50, 0.08
32241696, 14, 0, 50, 0
32241696, 15, 9, 50, 0.18
32241696, 16, 14, 50, 0.28
32242696, -1, 50
32242696, 0, 1, 50, 0.02
32242696, 1, 2, 50, 0.04
32242696, 2, 0, 50, 0
32242696, 3, 21, 50, 0.42
32242696, 4, 76, 50, 1.52
32242696, 5, 0, 50, 0
32242696, 6, 31, 50, 0.62
32242696, 7, 2, 300, 0.00666667
32242696, 8, 1, 50, 0.02
32242696, 9, 0, 0, 0
32242696, 10, 0, 50, 0
32242696, 11, 2, 50, 0.04
32242696, 12, 3, 50, 0.06
32242696, 13, 3, 50, 0.06
32242696, 14, 0, 50, 0
32242696, 15, 11, 50, 0.22
32242696, 16, 9, 50, 0.18
32243696, -1, 50
32243696, 0, 1, 50, 0.02
32243696, 1, 6, 50, 0.12
32243696, 2, 4, 50, 0.08
32243696, 3, 32, 50, 0.64
32243696, 4, 97, 50, 1.94
32243696, 5, 0, 50, 0
32243696, 6, 43, 50, 0.86
32243696, 7, 1, 300, 0.00333333
32243696, 8, 1, 50, 0.02
32243696, 9, 0, 0, 0
32243696, 10, 0, 50, 0
32243696, 11, 0, 50, 0
32243696, 12, 3, 50, 0.06
32243696, 13, 6, 50, 0.12
32243696, 14, 0, 50, 0
32243696, 15, 13, 50, 0.26
32243696, 16, 18, 50, 0.36
32244696, -1, 50
32244696, 0, 0, 50, 0
32244696, 1, 3, 50, 0.06
32244696, 2, 1, 50, 0.02
32244696, 3, 25, 50, 0.5
32244696, 4, 96, 50, 1.92
32244696, 5, 0, 50, 0
32244696, 6, 35, 50, 0.7
32244696, 7, 2, 300, 0.00666667
32244696, 8, 1, 50, 0.02
32244696, 9, 0, 0, 0
32244696, 10, 0, 50, 0
32244696, 11, 1, 50, 0.02
32244696, 12, 3, 50, 0.06
32244696, 13, 5, 50, 0.1
32244696, 14, 0, 50, 0
32244696, 15, 9, 50, 0.18
32244696, 16, 13, 50, 0.26
32245696, -1, 50
32245696, 0, 4, 50, 0.08
32245696, 1, 0, 50, 0
32245696, 2, 4, 50, 0.08
32245696, 3, 28, 50, 0.56
32245696, 4, 89, 50, 1.78
32245696, 5, 0, 50, 0
32245696, 6, 44, 50, 0.88
32245696, 7, 0, 300, 0
32245696, 8, 0, 50, 0
32245696, 9, 0, 0, 0
32245696, 10, 0, 50, 0
32245696, 11, 5, 50, 0.1
32245696, 12, 2, 50, 0.04
32245696, 13, 8, 50, 0.16
32245696, 14, 0, 50, 0
32245696, 15, 11, 50, 0.22
32245696, 16, 16, 50, 0.32
32246696, -1, 50
32246696, 0, 2, 50, 0.04
32246696, 1, 1, 50, 0.02
32246696, 2, 0, 50, 0
32246696, 3, 26, 50, 0.52
32246696, 4, 80, 50, 1.6
32246696, 5, 0, 50, 0
32246696, 6, 40, 50, 0.8
32246696, 7, 2, 300, 0.00666667
32246696, 8, 1, 50, 0.02
32246696, 9, 0, 0, 0
32246696, 10, 0, 50, 0
32246696, 11, 3, 50, 0.06
32246696, 12, 7, 50, 0.14
32246696, 13, 8, 50, 0.16
32246696, 14, 0, 50, 0
32246696, 15, 6, 50, 0.12
32246696, 16, 13, 50, 0.26
32247696, -1, 50
32247696, 0, 0, 50, 0
32247696, 1, 4, 50, 0.08
32247696, 2, 3, 50, 0.06
32247696, 3, 32, 50, 0.64
32247696, 4, 72, 50, 1.44
32247696, 5, 0, 50, 0
32247696, 6, 38, 50, 0.76
32247696, 7, 2, 300, 0.00666667
32247696, 8, 2, 50, 0.04
32247696, 9, 0, 0, 0
32247696, 10, 0, 50, 0
32247696, 11, 2, 50, 0.04
32247696, 12, 4, 50, 0.08
32247696, 13, 3, 50, 0.06
32247696, 14, 1, 50, 0.02
32247696, 15, 10, 50, 0.2
32247696, 16, 11, 50, 0.22
32248696, -1, 50
32248696, 0, 1, 50, 0.02
32248696, 1, 0, 50, 0
32248696, 2, 0, 50, 0
32248696, 3, 31, 50, 0.62
32248696, 4, 73, 50, 1.46
32248696, 5, 0, 50, 0
32248696, 6, 35, 50, 0.7
32248696, 7, 3, 300, 0.01
32248696, 8, 0, 50, 0
32248696, 9, 0, 0, 0
32248696, 10, 0, 50, 0
32248696, 11, 1, 50, 0.02
32248696, 12, 7, 50, 0.14
32248696, 13, 5, 50, 0.1
32248696, 14, 0, 50, 0
32248696, 15, 13, 50, 0.26
32248696, 16, 5, 50, 0.1
32249696, -1, 50
32249696, 0, 0, 50, 0
32249696, 1, 0, 50, 0
32249696, 2, 5, 50, 0.1
32249696, 3, 24, 50, 0.48
32249696, 4, 79, 50, 1.58
32249696, 5, 0, 50, 0
32249696, 6, 37, 50, 0.74
32249696, 7, 1, 300, 0.00333333
32249696, 8, 0, 50, 0
32249696, 9, 0, 0, 0
32249696, 10, 0, 50, 0
32249696, 11, 1, 50, 0.02
32249696, 12, 5, 50, 0.1
32249696, 13, 11, 50, 0.22
32249696, 14, 1, 50, 0.02
32249696, 15, 11, 50, 0.22
32249696, 16, 5, 50, 0.1
32250696, -1, 50
32250696, 0, 0, 50, 0
32250696, 1, 3, 50, 0.06
32250696, 2, 1, 50, 0.02
32250696, 3, 25, 50, 0.5
32250696, 4, 83, 50, 1.66
32250696, 5, 1, 50, 0.02
32250696, 6, 35, 50, 0.7
32250696, 7, 0, 300, 0
32250696, 8, 0, 50, 0
32250696, 9, 0, 0, 0
32250696, 10, 0, 50, 0
32250696, 11, 0, 50, 0
32250696, 12, 4, 50, 0.08
32250696, 13, 3, 50, 0.06
32250696, 14, 0, 50, 0
32250696, 15, 13, 50, 0.26
32250696, 16, 12, 50, 0.24
32251696, -1, 50
32251696, 0, 1, 50, 0.02
32251696, 1, 2, 50, 0.04
32251696, 2, 3, 50, 0.06
32251696, 3, 32, 50, 0.64
32251696, 4, 85, 50, 1.7
32251696, 5, 0, 50, 0
32251696, 6, 41, 50, 0.82
32251696, 7, 3, 300, 0.01
32251696, 8, 0, 50, 0
32251696, 9, 0, 0, 0
32251696, 10, 0, 50, 0
32251696, 11, 2, 50, 0.04
32251696, 12, 7, 50, 0.14
32251696, 13, 6, 50, 0.12
32251696, 14, 0, 50, 0
32251696, 15, 10, 50, 0.2
32251696, 16, 12, 50, 0.24
32252696, -1, 50
32252696, 0, 1, 50, 0.02
32252696, 1, 1, 50, 0.02
32252696, 2, 1, 50, 0.02
32252696, 3, 29, 50, 0.58
32252696, 4, 82, 50, 1.64
32252696, 5, 0, 50, 0
32252696, 6, 42, 50, 0.84
32252696, 7, 2, 300, 0.00666667
32252696, 8, 2, 50, 0.04
32252696, 9, 0, 0, 0
32252696, 10, 0, 50, 0
32252696, 11, 2, 50, 0.04
32252696, 12, 4, 50, 0.08
32252696, 13, 8, 50, 0.16
32252696, 14, 0, 50, 0
32252696, 15, 8, 50, 0.16
32252696, 16, 15, 50, 0.3
32253696, -1, 50
32253696, 0, 2, 50, 0.04
32253696, 1, 1, 50, 0.02
32253696, 2, 3, 50, 0.06
32253696, 3, 25, 50, 0.5
32253696, 4, 77, 50, 1.54
32253696, 5, 0, 50, 0
32253696, 6, 32, 50, 0.64
32253696, 7, 1, 300, 0.00333333
32253696, 8, 0, 50, 0
32253696, 9, 0, 0, 0
32253696, 10, 0, 50, 0
32253696, 11, 3, 50, 0.06
32253696, 12, 3, 50, 0.06
32253696, 13, 4, 50, 0.08
32253696, 14, 0, 50, 0
32253696, 15, 5, 50, 0.1
32253696, 16, 16, 50, 0.32
32254696, -1, 50
32254696, 0, 0, 50, 0
32254696, 1, 0, 50, 0
32254696, 2, 0, 50, 0
32254696, 3, 20, 50, 0.4
32254696, 4, 81, 50, 1.62
32254696, 5, 0, 50, 0
32254696, 6, 20, 50, 0.4
32254696, 7, 0, 300, 0
32254696, 8, 0, 50, 0
32254696, 9, 0, 0, 0
32254696, 10, 0, 50, 0
32254696, 11, 2, 50, 0.04
32254696, 12, 1, 50, 0.02
32254696, 13, 3, 50, 0.06
32254696, 14, 0, 50, 0
32254696, 15, 6, 50, 0.12
32254696, 16, 8, 50, 0.16
32255696, -1, 50
32255696, 0, 2, 50, 0.04
32255696, 1, 2, 50, 0.04
32255696, 2, 3, 50, 0.06
32255696, 3, 19, 50, 0.38
32255696, 4, 77, 50, 1.54
32255696, 5, 0, 50, 0
32255696, 6, 32, 50, 0.64
32255696, 7, 2, 300, 0.00666667
32255696, 8, 0, 50, 0
32255696, 9, 0, 0, 0
32255696, 10, 0, 50, 0
32255696, 11, 4, 50, 0.08
32255696, 12, 6, 50, 0.12
32255696, 13, 5, 50, 0.1
32255696, 14, 0, 50, 0
32255696, 15, 8, 50, 0.16
32255696, 16, 5, 50, 0.1
32256696, -1, 50
32256696, 0, 3, 50, 0.06
32256696, 1, 3, 50, 0.06
32256696, 2, 0, 50, 0
32256696, 3, 19, 50, 0.38
32256696, 4, 78, 50, 1.56
32256696, 5, 0, 50, 0
32256696, 6, 32, 50, 0.64
32256696, 7, 2, 300, 0.00666667
32256696, 8, 0, 50, 0
32256696, 9, 0, 0, 0
32256696, 10, 0, 50, 0
32256696, 11, 1, 50, 0.02
32256696, 12, 4, 50, 0.08
32256696, 13, 9, 50, 0.18
32256696, 14, 0, 50, 0
32256696, 15, 7, 50, 0.14
32256696, 16, 9, 50, 0.18
32257696, -1, 50
32257696, 0, 1, 50, 0.02
32257696, 1, 1, 50, 0.02
32257696, 2, 4, 50, 0.08
32257696, 3, 21, 50, 0.42
32257696, 4, 82, 50, 1.64
32257696, 5, 0, 50, 0
32257696, 6, 30, 50, 0.6
32257696, 7, 2, 300, 0.00666667
32257696, 8, 0, 50, 0
32257696, 9, 0, 0, 0
32257696, 10, 0, 50, 0
32257696, 11, 5, 50, 0.1
32257696, 12, 3, 50, 0.06
32257696, 13, 4, 50, 0.08
32257696, 14, 0, 50, 0
32257696, 15, 4, 50, 0.08
32257696, 16, 10, 50, 0.2
32258696, -1, 50
32258696, 0, 1, 50, 0.02
32258696, 1, 2, 50, 0.04
32258696, 2, 0, 50, 0
32258696, 3, 25, 50, 0.5
32258696, 4, 77, 50, 1.54
32258696, 5, 0, 50, 0
32258696, 6, 31, 50, 0.62
32258696, 7, 3, 300, 0.01
32258696, 8, 0, 50, 0
32258696, 9, 0, 0, 0
32258696, 10, 0, 50, 0
32258696, 11, 1, 50, 0.02
32258696, 12, 5, 50, 0.1
32258696, 13, 5, 50, 0.1
32258696, 14, 0, 50, 0
32258696, 15, 5, 50, 0.1
32258696, 16, 12, 50, 0.24
32259696, -1, 50
32259696, 0, 2, 50, 0.04
32259696, 1, 5, 50, 0.1
32259696, 2, 3, 50, 0.06
32259696, 3, 30, 50, 0.6
32259696, 4, 76, 50, 1.52
32259696, 5, 0, 50, 0
32259696, 6, 31, 50, 0.62
32259696, 7, 0, 300, 0
32259696, 8, 0, 50, 0
32259696, 9, 0, 0, 0
32259696, 10, 0, 50, 0
32259696, 11, 1, 50, 0.02
32259696, 12, 4, 50, 0.08
32259696, 13, 7, 50, 0.14
32259696, 14, 0, 50, 0
32259696, 15, 12, 50, 0.24
32259696, 16, 7, 50, 0.14
32260696, -1, 50
32260696, 0, 1, 50, 0.02
32260696, 1, 2, 50, 0.04
32260696, 2, 1, 50, 0.02
32260696, 3, 28, 50, 0.56
32260696, 4, 77, 50, 1.54
32260696, 5, 0, 50, 0
32260696, 6, 36, 50, 0.72
32260696, 7, 1, 300, 0.00333333
32260696, 8, 0, 50, 0
32260696, 9, 0, 0, 0
32260696, 10, 0, 50, 0
32260696, 11, 2, 50, 0.04
32260696, 12, 2, 50, 0.04
32260696, 13, 11, 50, 0.22
32260696, 14, 0, 50, 0
32260696, 15, 10, 50, 0.2
32260696, 16, 7, 50, 0.14
32261696, -1, 50
32261696, 0, 0, 50, 0
32261696, 1, 1, 50, 0.02
32261696, 2, 4, 50, 0.08
32261696, 3, 25, 50, 0.5
32261696, 4, 84, 50, 1.68
32261696, 5, 0, 50, 0
32261696, 6, 40, 50, 0.8
32261696, 7, 1, 300, 0.00333333
32261696, 8, 0, 50, 0
32261696, 9, 0, 0, 0
32261696, 10, 0, 50, 0
32261696, 11, 3, 50, 0.06
32261696, 12, 4, 50, 0.08
32261696, 13, 6, 50, 0.12
32261696, 14, 0, 50, 0
32261696, 15, 13, 50, 0.26
32261696, 16, 13, 50, 0.26
32262696, -1, 50
32262696, 0, 1, 50, 0.02
32262696, 1, 1, 50, 0.02
32262696, 2, 1, 50, 0.02
32262696, 3, 34, 50, 0.68
32262696, 4, 81, 50, 1.62
32262696, 5, 0, 50, 0
32262696, 6, 40, 50, 0.8
32262696, 7, 2, 300, 0.00666667
32262696, 8, 1, 50, 0.02
32262696, 9, 0, 0, 0
32262696, 10, 0, 50, 0
32262696, 11, 3, 50, 0.06
32262696, 12, 4, 50, 0.08
32262696, 13, 4, 50, 0.08
32262696, 14, 0, 50, 0
32262696, 15, 10, 50, 0.2
32262696, 16, 13, 50, 0.26
32263696, -1, 50
32263696, 0, 3, 50, 0.06
32263696, 1, 2, 50, 0.04
32263696, 2, 4, 50, 0.08
32263696, 3, 30, 50, 0.6
32263696, 4, 82, 50, 1.64
32263696, 5, 0, 50, 0
32263696, 6, 39, 50, 0.78
32263696, 7, 1, 300, 0.00333333
32263696, 8, 0, 50, 0
32263696, 9, 0, 0, 0
32263696, 10, 0, 50, 0
32263696, 11, 1, 50, 0.02
32263696, 12, 5, 50, 0.1
32263696, 13, 8, 50, 0.16
32263696, 14, 0, 50, 0
32263696, 15, 11, 50, 0.22
32263696, 16, 13, 50, 0.26
32264696, -1, 50
32264696, 0, 1, 50, 0.02
32264696, 1, 3, 50, 0.06
32264696, 2, 0, 50, 0
32264696, 3, 26, 50, 0.52
32264696, 4, 74, 50, 1.48
32264696, 5, 0, 50, 0
32264696, 6, 38, 50, 0.76
32264696, 7, 1, 300, 0.00333333
32264696, 8, 0, 50, 0
32264696, 9, 0, 0, 0
32264696, 10, 0, 50, 0
32264696, 11, 3, 50, 0.06
32264696, 12, 1, 50, 0.02
32264696, 13, 8, 50, 0.16
32264696, 14, 0, 50, 0
32264696, 15, 14, 50, 0.28
32264696, 16, 7, 50, 0.14
